123
0010 01 11000000 01010100 01111100 00011100
0010 01 11001100 00111111 11001011 10110011
0000 11 10101100 00000111 00000011 00001011
0010 01 10000000 01000001 01000000 00000000
1111 10 00111000 11110010 01010110 11111010
0000 01 10010100 10111000 01010000 01101010
1000 11 01010110 00000110 10101000 11000100
0001 11 10011101 01001000 00110000 00111001
0010 01 11000000 00001000 00011000 00001000
0010 01 10010111 01000100 00100001 00000000
0010 01 10111011 11111010 00111100 00011011
0010 01 11110000 00001100 11110100 10011000
0011 01 00000001 10100111 11001111 10001110
0010 01 01011111 00111100 11110101 10111101
1001 01 01010001 10000010 10101111 00100111
0000 01 10111000 11100000 10000011 00100011
0100 01 11000000 10011110 10011001 10001011
0000 01 00111010 00101101 01001101 11101001
0010 01 00010111 11100100 01001100 10101000
0010 01 00000011 01100100 11110111 01110100
1011 01 00100000 10100011 00010010 10011001
0001 01 11011000 00111100 01100111 01111101
1111 11 11100001 11010000 11010000 00110000
1001 00 10100010 11111100 00100100 11101101
0010 01 00010111 10000111 10101111 00100110
0101 01 10111001 01111001 01010111 01101100
0010 01 00010000 10000110 10011010 00110010
1110 01 10010101 11011001 11101011 11100001
0001 01 01011100 00111011 00100011 11111001
0001 01 00000011 11100111 00001101 11000001
0010 01 00110111 00000000 00011000 00011000
0010 01 01111111 00100100 01101100 00000100
0010 01 00011100 00100100 10110000 11000001
0010 01 00111101 00100011 11011011 01110111
0010 11 11111101 01101011 10010010 00100100
0010 01 11111011 10110110 11001110 11110110
0000 01 10000011 11010111 00101010 10010101
0001 01 00011111 11000100 00000110 00111010
0010 01 11001101 00111011 01011001 11010001
1100 11 01011111 10110011 00110001 01100110
0000 01 00100101 00001101 01010101 11000010
1110 00 01000011 00111111 00000111 00010000
0101 01 01000011 00011011 00111011 00001100
1001 10 10111100 01001000 00110101 01101100
0010 10 10110010 00001101 11101011 11101100
1101 10 01110000 11001000 11101100 10100111
0010 00 00100101 01110000 00110100 10100100
1111 01 11101000 10000000 01000000 01000000
1110 00 11101110 00111111 00011000 00111001
0001 01 10000110 10010010 00100100 10101000
0000 01 00110010 10100111 00101000 00101101
0000 01 11010001 00101011 01000101 11111000
0000 01 11101001 00001000 00100110 10000000
1100 01 01101001 01010011 11001101 11011010
1011 01 11100010 00110111 10101111 11010101
1000 10 11100000 01100101 01101000 01100010
1001 10 00001100 01010101 01001010 01001001
1010 01 00010001 00111010 10001000 00000000
0100 01 10111101 11111100 01011110 10111001
1011 01 11001100 10000110 01111101 11000100
1111 01 00101010 00010000 11001001 00001011
1010 01 00000001 01001110 11111111 01110001
0100 01 00011010 11111101 00100011 10000010
1011 10 10010111 01101001 10100010 10001100
0010 10 10100011 10100001 01100110 01000101
1111 01 11000000 00100110 01000111 10100111
1111 01 11101000 00000000 10101000 01011000
0010 01 00001111 10110001 00101101 11011000
1011 01 11101111 11010011 11101001 01100001
0100 01 11000001 10011101 11001101 10001011
0110 01 10101000 00010110 00100100 01000000
0010 11 01111101 11011000 00100000 10101000
1010 01 10000110 01001010 10010011 10010100
1011 01 01011010 11001110 11000111 00001111
0010 10 10101110 11010000 00010100 00111100
0010 01 01101111 01011011 11110001 00001010
0110 01 10001001 00010000 11010100 11001010
1010 01 11010001 01111000 11100110 11100010
0010 01 11011000 00001100 00011000 00110111
0010 01 10110000 01100001 00001100 00111001
0010 01 10010000 00000010 00000010 00000010
0010 01 00110111 00000000 00000001 00000000
0010 01 10011110 00111010 01111111 00000100
0010 01 11100100 11101010 01101111 11110110
0010 01 00000111 11000000 01110110 00010000
0010 01 01110011 00010000 10110000 00100000
0010 01 01011000 00001101 00011001 10000111
0010 01 00000011 00100100 10010011 11101100
0010 01 00001011 00000110 01100001 01100111
0010 01 10011000 00000001 10000011 00000000
0010 10 01011000 01011100 11010111 00011011
0010 01 00001111 01010110 11010011 10010000
0010 01 00001110 10010111 01011111 00000110
0010 01 10011111 10001000 01011011 00110011
0010 01 01001100 00111001 10101101 10101010
0010 01 00010111 10000000 00011000 01010000
0010 01 00101111 10011000 00111000 11111000
0010 01 00100111 00000000 10010110 10000100
0010 01 11001100 01101000 10011101 11000111
0010 01 00000011 10000000 10010100 10010001
0010 01 00011101 10000010 00101010 00100001
0010 01 10100000 00000100 00000100 00000100
0010 01 10000000 00000010 00000111 00000011
0010 01 10001010 00000000 00010000 00010000
0010 01 11000000 00100000 01100000 01100000
0010 01 10000000 00100000 00100000 00000000
0010 01 10011000 00000001 01000000 00000001
0010 01 11000000 00010100 01011100 00001110
0010 01 11000000 01000001 11000001 10000000
0000 11 00001110 00011000 10111000 10010001
0000 01 01100001 01101110 11000011 10101111
0001 01 00000010 11100010 11000101 00010100
0000 01 10100011 01110101 01010111 10000010
0000 01 00101101 00110101 11000110 01110100
0001 01 01111010 10000011 01110011 01010001
0001 01 01011111 00110001 10011010 10000000
0001 01 11110001 11101011 10011010 00011100
0001 01 01101100 11111101 10110001 01111100
1110 01 10100111 10111100 01101110 10111000
1110 01 11010010 11111101 10101101 11001101
1110 01 00010111 10010101 00011000 11001001
1110 01 01010011 10100101 01010111 11110100
0010 10 11110110 00000000 01010101 00000100
